500 4
ALXN -2.7297325 0.66225475 2.3999045 1.0462645
ISRG -0.14338546 -0.2265321 0.86737 1.0905046
COO 0.24435589 0.3201329 0.96755743 0.47485894
EQIX 0.07823234 0.88281167 1.0614723 0.6984624
ORLY 1.1365879 -0.086378954 0.45936924 0.5749763
GOOGL 0.8426323 -0.55889004 0.4710653 0.6857193
PCLN -0.25200197 -0.6696009 0.9655544 0.7552836
AMZN -0.09076361 -0.0046106563 1.135847 0.31454927
EMN -0.20130771 -1.0554947 1.2016664 -0.059830178
ANSS 0.63900024 -0.65876716 0.55823094 0.693256
MLM -0.6785755 -0.19008559 1.7113516 -0.40578195
AMGN -0.6433383 -0.09886605 1.1897701 0.94384205
LMT 1.7267344 0.031388752 0.102620594 0.78262967
ADS -0.6387103 -0.9337544 1.1830472 0.60756946
MTD 0.5772718 -0.5457574 0.47705236 1.0155487
SNA 1.4363908 -1.1360404 0.15569758 0.59809715
AZO 1.0593408 -0.12657724 0.30575734 1.0729629
ULTA -0.72230995 0.38612753 1.4305555 0.582586
ILMN -1.9988644 0.37728578 2.0961156 0.69862133
BLK 0.9070314 -1.1689514 0.62721336 -0.07839611
ESRX 0.8684786 -0.065637015 0.44491187 0.98442674
SRCL 1.3934814 0.2940318 0.2638835 0.9498982
XEC -2.0688744 0.32932934 3.220052 -1.8538198
ECL 1.4284307 -0.8707393 0.15279502 0.68029904
V 1.1021528 -0.6608063 0.17768857 1.1513425
APC -1.5571662 0.6368446 2.631531 -1.0077899
FRT 2.3202386 1.6050515 0.19056623 0.6015414
KSU -0.30120367 -0.67332643 1.2351538 0.106215745
NDAQ 0.5912284 0.15052462 0.647452 0.7850633
WYN 0.55672103 -0.76575506 0.6926427 0.39440748
GS 0.68257195 -2.1677673 0.6555106 -0.14744732
URI -2.1428933 -0.42187417 2.5352771 -0.5910718
SLB 0.12296603 -0.34000808 1.4317309 -0.8409242
AVGO -1.4286834 -0.08112768 1.7762666 0.461365
UHS -0.2099306 0.12698609 1.1964445 0.4207328
PRGO -0.7562197 0.3411974 1.5489582 0.33714145
XLNX 0.1467254 -0.54117787 0.8650833 0.54763156
HP -1.8639184 0.5237636 3.2532978 -2.1651273
CINF 2.393543 -0.72250134 -0.2932559 0.77307206
CELG -1.6977482 0.6804241 1.697707 1.4010632
GILD -1.1334528 -0.028629942 1.471723 0.89813256
NFLX -2.1002033 0.4518515 2.3338795 0.22099936
SIG -0.43317148 0.055992167 1.3605856 0.30859393
UAL -2.1668022 0.4324672 2.3732467 0.24243215
RL -0.0028464375 -0.10085467 1.0692762 0.37730187
VLO -1.586256 0.581681 2.2246084 -0.1689355
AMG -0.5838013 -1.414134 1.3284203 -0.038645748
KLAC 0.516325 -0.43168825 0.74275786 0.44022056
DGX 0.8558374 -0.13815892 0.5774162 0.5814376
HII 0.013732242 -0.5007305 1.0008324 0.42368025
AAPL 0.039392892 -0.13596576 1.0620334 0.3492908
TRIP -1.983898 -0.090387225 1.9524612 0.79961324
C 0.3031382 -2.2851748 0.8644063 -0.280509
MMM 2.5900326 -1.4917825 -0.578242 1.1046171
BDX 1.7065841 -0.5669965 -0.046047654 1.047636
CXO -1.8846945 0.32068825 3.097131 -1.7916604
ETR 2.5613964 2.1511853 0.78708535 -1.0883502
OMC 1.8768864 -0.3939554 0.09682286 0.4694988
ADI -0.08755874 -1.3275174 0.58835435 1.3283018
PKG -0.11368547 -0.53844506 1.2149636 -0.06718324
TEL 0.7727986 -0.9875227 0.3755216 0.88261503
HSY 2.3956304 0.40002742 0.05567206 0.27426058
IDXX 0.22811058 0.5064175 0.7507335 1.2068888
WBA 0.6535386 -0.14716405 0.7120104 0.5037666
AON 2.1210773 -1.0121416 -0.26022884 0.92578864
LYB -0.6703955 -0.7471288 1.9080483 -1.1125528
MA 1.239142 -0.33195493 0.36144263 0.6022759
AAL -2.660959 0.8983903 2.5342708 0.6659524
CME 0.50994456 -0.56327033 0.75076383 0.37141034
ZBH 1.1787858 -0.84449464 0.34070277 0.57463706
EW -0.3941107 0.31380385 1.1539768 0.91145176
MNST 0.10454882 0.65737534 1.1448925 0.36674735
PPG 1.0078099 -0.82830435 0.35662746 0.72049934
FBHS -0.77459043 -0.36587673 1.450533 0.28639194
PSA 1.9903946 1.5114146 0.36811447 0.42302024
CI -0.041993655 0.10639526 1.0102036 0.67873216
CHTR -0.24427935 0.3994455 1.1668025 0.61990446
INCY -3.3472872 0.9714025 3.0759606 0.54170626
AKAM -0.80096424 -0.34159026 1.4045811 0.4965757
HON 2.0071008 -1.5649039 -0.2630182 0.9314291
UPS 1.8752098 -1.1697441 -0.2816125 1.3220088
ABC 0.7142772 -0.06036248 0.6390588 0.59995794
CMG -0.19098088 -0.10839171 1.2478756 0.16539893
REG 2.0133524 2.303121 0.20218633 1.2755116
CERN -0.06749925 -0.010540169 0.77207714 1.3241442
CNC -1.3778651 0.25873375 1.8114382 0.48951584
FLR -0.12921417 -1.1947708 1.3163576 -0.51635224
AAP 0.5161443 0.14849351 0.8616499 0.34211662
GPC 1.4207842 -1.1010256 0.14930074 0.6153092
NKE 0.6632192 -0.12446929 0.5628642 0.8233035
BIIB -1.7820077 0.3273734 1.8968995 0.86643606
AIG 1.0264077 -1.3606979 0.37820664 0.41844937
CVS 2.018158 -0.19208494 0.036394775 0.5373263
MPC -1.8623914 0.81635904 2.6833198 -0.8046831
SPG 1.9437306 2.0416663 0.18866353 1.2599082
UNH 0.8149811 -0.19836551 0.5052753 0.8165992
IBM 1.2274411 -0.56837606 0.16469733 1.0202705
EOG -1.1250503 0.0819427 2.5981393 -1.7712752
KMX -0.6266487 -0.6308943 1.4177207 0.08138103
CBS -0.2968071 -0.55021036 1.3881464 -0.28423905
RTN 1.3163431 -0.19480193 0.29022408 0.7530995
ESS 1.825355 2.5107465 0.42749137 1.0017023
TMO 0.60425025 -0.8373632 0.42618373 1.0878716
BA 1.0457823 -0.95145285 0.3373399 0.65275806
ANTM 0.23817946 -0.036030285 0.9326564 0.47825488
TDG 0.477704 -0.19712889 0.6706627 0.77191263
NSC 0.4144808 -0.58990157 0.8044527 0.36399072
AVB 1.9436723 2.1880553 0.36011845 0.90001297
PFG 0.9062013 -2.0638173 0.49302876 0.014012695
PRU 0.3672981 -2.354047 0.872422 -0.4128384
ACN 1.5322076 -1.0855397 0.009785372 0.8955967
DLTR 0.3593295 0.0046827714 0.75445634 0.8367776
CAT 0.6476895 -1.0766177 0.65603095 0.24596316
MHK -0.178855 -0.24751088 1.0669813 0.52993494
EXPE -0.83627045 0.004500317 1.653539 0.045552634
AGN -1.0992519 0.15613578 1.668168 0.42585957
COP -0.47877666 0.17178848 1.9580631 -0.97559226
ETN 0.426875 -1.5392345 0.5826811 0.6190939
PSX -0.530081 -0.22828193 1.5660774 -0.2937859
HCA -0.6089097 0.06881648 1.3707542 0.4695017
HES -1.1714661 0.30082652 2.5614407 -1.4646682
HSIC 1.4520805 -0.47352135 -0.10097712 1.5827051
FFIV -0.56630117 -0.48121917 1.3251538 0.26914555
FB -0.71704453 0.61440885 1.4644907 0.60157275
WHR -0.67394394 0.27871063 1.4156293 0.52998817
VRSN 0.4125686 -0.2096907 0.67301446 0.8247716
SRE 2.9153774 1.687315 0.29801697 -0.43912178
ANDV -2.4396243 0.57962745 2.6708999 -0.032769457
STX -1.5935165 -0.42123362 2.0972311 -0.2502169
VAR 1.3605655 -0.694111 0.08897715 1.0730444
NEE 3.1499212 2.0169587 0.21853527 -0.3342152
WDC -1.4594126 -0.1054886 2.1132927 -0.33503133
TGT 0.93119913 0.23610118 0.71324414 0.2589434
PH 0.69898623 -1.5461203 0.4675279 0.5425768
KMB 2.4060097 0.4918098 -0.17230356 0.9438467
MCK 0.4468186 -0.4180809 0.8203401 0.3120367
SNPS 1.4017434 -0.78885543 0.10010262 0.9277774
VMC -0.52801186 0.07217256 1.4905068 0.06700394
AYI -0.21934076 -0.2976843 1.1675649 0.32111898
APA -1.6346322 0.24391574 3.0568273 -2.0361955
COF 0.6483853 -2.062337 0.58015436 0.09233541
SJM 2.3988857 0.12786035 -0.21092963 0.97942185
SWKS -1.9763533 -0.13678347 2.2280643 0.03522523
HUM -0.2908314 0.29674175 0.9969146 1.1309568
MAA 1.7756897 2.071522 0.57354164 0.41961494
OKE -0.8956711 0.786478 2.695289 -1.9590079
ROST 0.5091394 -0.2537346 0.5590074 1.0190022
XOM 1.5010471 -0.70677423 0.3272138 0.15592763
PXD -1.8526675 0.5494214 2.9238636 -1.5109128
RMD 0.40657312 0.10491987 0.96014255 0.22252496
DISCA -1.2981254 0.032571413 2.0493968 -0.35432953
PG 2.715378 -0.09319792 -0.4268796 1.0248435
STI 0.8335607 -2.4052458 0.6524083 -0.40342617
CLX 2.8487668 0.5135715 -0.31800324 0.84473187
BXP 2.0145726 1.7425927 0.4472719 0.29180017
ICE 0.81336796 -0.24639547 0.6067663 0.49993235
GWW 0.72096044 -0.86174834 0.6680589 0.25510803
LRCX -0.60965466 -0.4145282 1.3039311 0.44561845
LOW 0.58676237 -0.062459175 0.6361505 0.77294034
COG -1.8185582 1.0036122 3.0963902 -1.5695826
WMB -1.147797 0.5148584 2.4007797 -0.99332273
HAL -0.88805443 0.006579013 2.2244709 -1.2494324
DPS 2.433792 0.51925075 -0.023852851 0.49263805
TPR -0.071146205 0.25099742 1.2766345 0.054618247
MCD 2.2657323 -0.03317905 0.051784202 0.28075224
EMR 0.9102107 -0.96489704 0.56436294 0.20688921
VZ 2.1071265 0.067238696 0.047589112 0.5552576
AET -0.2598422 -0.46596986 0.98849857 0.8261745
DIS 1.3039267 -1.0547116 0.16798933 0.8115458
FISV 1.8174304 -0.84718084 -0.10337538 0.9629591
HD 1.7225828 -0.71590316 -0.034660578 0.9677523
FDX 1.3353406 -0.73554665 0.49836582 -0.074702054
NOC 1.7048422 -0.45207772 0.09002533 0.6897601
DVN -1.7375706 0.21717697 3.0277374 -1.8068018
SBUX 0.7309996 -0.20563129 0.44679877 1.0604001
AVY 0.9440952 -0.76651245 0.4929375 0.42804664
FL -0.20436814 -0.18948565 1.0694529 0.62418413
DISCK -1.1141766 -0.27171674 1.9490932 -0.4776886
ALL 2.2448752 -0.9458867 -0.36672348 1.0587274
ROP 1.0593599 -1.1678845 0.3728963 0.44339225
APH 1.612301 -0.70277023 0.18221486 0.47543105
IFF 1.3922246 -0.26572698 0.00056517334 1.4535812
JEC -0.30707866 -0.79955477 1.0264757 0.61849505
ALK -1.5681618 0.29077393 1.8375272 0.69006157
DISH -0.9061015 0.22502033 1.534433 0.48700774
JWN 0.033979755 -0.14948723 1.2243686 -0.082878724
ALGN -1.2159303 -0.056827914 1.7137008 0.29530773
CBOE 0.49288857 -0.24297911 0.90212953 0.1085433
SHW 0.84550667 -0.091398135 0.4869188 0.84177226
CF -1.6215112 0.49464655 2.3195503 -0.30727842
INTU 1.0206215 -0.6013371 0.36830738 0.7277719
MAR 0.3394197 -0.58545756 0.6368491 0.9633621
CMI 0.3060772 -1.175684 0.78578246 0.33186918
SCG 3.583068 2.3684745 0.49572212 -1.2861131
CCI 1.6018293 0.6607135 0.23527181 0.9120538
DFS 0.8857962 -1.6515712 0.26475948 0.8008731
NCLH -1.6370789 -0.015201997 1.8069967 0.7409162
VIAB -0.36395866 -0.5106411 1.4204669 -0.17608833
SEE -0.022148026 -0.14913568 0.87227136 0.8734306
CMCSA 1.3850174 -0.24009566 0.30372232 0.58339953
CVX 0.900307 -0.4447607 0.9289262 -0.6229772
VNO 2.1276793 1.659408 0.30613664 0.49467465
DVA 1.343512 0.005966104 0.21373253 1.0046792
EA -0.88839716 -0.007582662 1.4615746 0.59114224
CTXS -0.77034676 -0.648693 1.2412765 0.7360037
SNI 0.53492016 -0.18849525 1.06632 -0.35926935
TSCO 0.2506993 -0.31220502 0.8220374 0.64704907
AXP 1.0755863 -1.2159349 0.43181473 0.27289447
NFX -2.7323298 0.8626533 3.33637 -0.9691755
SWK 1.3244649 -1.6427011 0.18510234 0.52337897
VTR 1.4835889 2.5199451 0.7387462 0.6103739
BRK.B 2.3367155 -1.0978006 -0.45136935 1.1528021
EQT -1.0460879 0.49028483 2.2529666 -0.92153263
DTE 3.7285845 2.1152585 0.18405685 -0.7616726
HCP 1.586848 2.2743063 0.7549632 0.25550526
RHI 0.43102702 -0.5653909 0.70483047 0.6108456
EFX 1.3757958 -0.7208173 0.16427149 0.82040846
CRM -1.0612414 0.010727505 1.4724241 0.73342353
CB 2.5397186 -0.9695889 -0.30253932 0.5474138
JBHT 0.25343427 -0.6707805 0.686469 0.86319804
WAT 1.1533273 -0.9536513 0.31115913 0.6403215
MON 0.5095718 -0.40923166 0.7986518 0.3028713
WYNN -2.1692193 0.7128399 2.4701905 0.16331898
CCL 0.6181166 -0.32805178 0.6091076 0.71219885
OXY 0.3031321 -0.25267744 1.4443282 -1.0687379
STT 0.53162026 -2.0983334 0.39537728 0.7911352
RE 1.6529008 -0.5851254 0.08632309 0.70642143
CTSH 0.20725875 -0.5984366 0.864494 0.45029283
MCHP 0.104847156 -0.83787197 1.0042299 0.14595094
TRV 2.2794034 -0.5219677 -0.2767202 0.98326087
ADBE 0.18867132 -0.44202092 0.74730897 0.877931
GPN 0.2802679 -0.3064839 0.6398835 1.083574
KSS -0.74003863 0.09751741 1.5397455 0.23527142
DAL -1.9643228 0.18610711 2.0130854 0.7145229
LH 1.2361042 -0.40489623 0.086843714 1.3263807
UNP 0.87936026 -0.5764361 0.70209396 0.018535206
RRC -2.3165596 1.2456574 3.1783528 -0.8373505
TAP 1.0258737 -0.04924823 0.4298929 0.7925061
PM 2.5051653 0.6238773 0.06663553 0.20600165
CHRW 1.1804473 -0.31881276 0.52970415 0.17344204
QCOM 0.5927687 -0.47224432 0.69312936 0.48308536
HIG 0.9837453 -1.6580915 0.2882292 0.666296
GIS 2.7152593 0.38430968 -0.2044355 0.59792453
LLY 0.9381291 0.15534182 0.58243203 0.5265807
EXR 1.4731362 1.9560277 0.637703 0.58365923
FTI -1.2401241 -0.2548832 2.2718391 -1.0463847
AMP 0.30498976 -2.122759 0.87200654 -0.23155919
PEP 2.9782314 0.24038321 -0.5674935 1.263743
SBAC 0.56147647 0.124654636 0.987286 -0.055099316
MTB 0.9794936 -2.14238 0.6050802 -0.35138106
HRS 1.0098263 -1.1348116 0.6014727 -0.10833609
AEP 3.1366007 2.437631 0.36646867 -0.48439962
LB -0.10870035 0.08113401 1.0980426 0.52852494
NBL -1.671241 0.30868262 2.9016526 -1.5831257
KR 0.90225357 0.10651086 0.6778148 0.33669713
EBAY -0.5302447 -0.45654997 1.2733591 0.38365662
MYL -1.5954385 0.38168895 1.8556495 0.7596356
SYK 1.7401624 0.052139867 -0.04054594 1.2440666
AJG 1.836415 -1.0022765 -0.11840295 0.91353285
AWK 2.7751215 1.8735706 0.40099096 -0.42986116
XRAY 1.267796 -0.75275195 0.11202035 1.1036607
DRI 0.51151216 -0.013531467 0.7944084 0.47932264
ABBV -0.46910527 0.42317167 1.2280533 0.82502943
WMT 1.8843875 0.012798454 -0.11284842 1.2340124
NUE -0.17506082 -0.500302 1.1759969 0.16627568
IR 0.50286686 -0.77826715 0.7459334 0.27416646
EIX 3.1176286 2.1172454 0.51054305 -0.9479732
HAS 0.28636786 -0.06852922 0.7456384 0.87738574
DLR 1.0089113 2.100647 0.95174724 0.34569314
VRSK 1.467291 -0.5962968 0.12975937 0.823638
LEN -1.1109575 0.6799376 1.6613586 0.6325155
LLL 1.6482675 0.013592328 0.045401532 1.0667623
CTAS 1.4683225 -0.6692669 0.13576744 0.75512344
IT 0.95163655 -0.37878716 0.40703902 0.83583176
PVH -0.6390471 0.04859003 1.5146385 0.16634294
MKC 2.576706 0.081324935 -0.2896851 0.88721925
JPM 1.4402801 -2.1152577 0.20599785 0.1501168
DG 0.48103178 0.3845671 1.0363914 0.05331501
BMY 0.30829656 0.10361622 0.7467383 0.94282347
STZ 1.3674378 -0.17669399 0.29308563 0.6673461
TJX 0.98306155 -0.21191025 0.3684846 0.93599147
JNJ 2.1105018 -0.47970515 -0.18953347 0.9686248
FLIR 0.38720328 -0.7623328 0.8834722 0.10321711
TMK 2.2823045 -1.8595704 -0.31717393 0.65517956
LNT 3.2425299 2.2945735 0.34169486 -0.53968
KORS -1.430552 -0.08191031 1.8537796 0.24773155
APD 1.1346925 -0.6043286 0.32535616 0.7243892
BAX 0.877982 -0.31647104 0.5345545 0.5314646
MAC 1.9120916 1.8304559 0.40740836 0.5842668
BEN 0.31985578 -1.4694667 0.7478136 0.31696078
GRMN -0.21436754 -0.38754904 1.126603 0.39314505
M -0.24864703 0.6304068 1.3132596 0.36479652
EL 1.5330535 -0.13413087 0.13506284 0.91652244
NEM -2.0581334 1.3937081 2.7325406 -0.28577745
PWR -0.21882911 -0.5851918 1.3224983 -0.16947314
UAA -1.622444 0.1288887 1.8319602 0.6530346
HCN 1.8998096 2.376873 0.57081765 0.47465405
INTC 0.5446967 -0.92170686 0.6196114 0.5521725
IP 0.59781724 -0.35089234 0.78930527 0.2203838
SLG 1.2799555 1.444948 0.54567754 0.8295263
MSI 1.5090463 -0.80627984 0.2781255 0.26142368
TROW 1.0063521 -1.6870711 0.24060017 0.7479971
MCO 0.7232865 -0.9250895 0.5187309 0.5775841
MSFT 0.88007325 -0.52673393 0.45455995 0.69270986
DE 1.3363842 -0.5735402 0.47134516 0.054758225
GD 1.4935172 -1.2860639 -0.064250395 1.0941565
NOV -1.0299122 0.28617677 2.2242036 -0.9559246
K 2.571504 0.80220544 -0.28036356 1.1890968
RCL -0.8034448 -0.20869915 1.6358411 -0.11602972
HOG -0.07885309 -0.42335007 1.1525137 0.14933325
TWX 0.7708882 -0.78892744 0.614349 0.35502446
ALB -0.40752894 -0.47161752 1.2870357 0.22747147
YUM 0.8537982 -0.17708822 0.5061239 0.73540574
MET 0.087595284 -2.4510212 0.8723985 -0.040801432
AMT 1.4346989 0.7249552 0.3883292 0.71356195
MOS -1.3311218 -0.024666334 1.9926516 -0.123953566
BWA -0.8149671 -0.7517422 1.5882812 -0.18551585
FMC 0.063432194 -0.6241023 1.1593771 -0.15042108
D 3.2877312 2.2474253 0.34901747 -0.63473076
NTRS 0.7025588 -2.2341049 0.4700382 0.3103504
JCI 1.0043477 -0.5062852 0.4581585 0.53973365
MRO -1.9520942 0.80225074 3.3945982 -1.984407
COST 2.0089705 0.04848058 -0.0535816 0.9226575
ITW 2.0686631 -1.1312023 -0.114701 0.5589518
T 2.5383735 0.0115785645 -0.19851239 0.68345785
ROK 0.70839155 -1.1148655 0.6007874 0.30928263
EQR 1.8040314 1.7316864 0.5027202 0.3948581
HBI -0.53393894 -0.1455305 1.0872233 1.0572652
PCAR 0.2870399 -1.4779958 0.711215 0.44500083
TSN 0.5955511 0.44679677 0.90055275 0.33034557
AFL 1.8077109 -1.209035 -0.17562039 1.028062
AOS 0.54810447 -0.94271433 0.6811677 0.37642178
RJF 0.13649815 -1.8173224 0.7207677 0.5088612
MAT 0.30100834 0.0681337 1.3910508 -0.7742451
CHD 2.3606777 0.7554093 -0.19864963 1.1853842
CAH 0.56568706 -0.036449958 0.38539866 1.5178412
MRK 1.0729374 -0.37080976 0.19458033 1.2417566
UNM 0.7114442 -1.8652449 0.54089504 0.24773608
FAST 0.43907362 -0.9300847 0.6837981 0.48736474
FLS -0.44577795 -1.0007098 1.4074787 -0.2617512
NI 2.321731 1.6889255 0.63265675 -0.5588139
CMA -0.5142824 -2.1931484 1.18776 0.008772402
IVZ 0.154288 -1.7271956 0.8218706 0.21437572
ADSK -1.0566485 -0.4659737 1.5578198 0.31429845
IRM 0.59023607 1.3183714 0.89527446 0.70363355
PNC 1.1164424 -2.5278099 0.39651185 -0.14629965
LKQ 0.13895959 -0.124388784 1.000261 0.39503285
ETFC -1.6745458 -1.6452935 1.7777731 0.18830763
RHT -0.40146983 -0.5805462 1.0348661 0.7969047
BLL 1.4539083 -0.053995598 0.36966884 0.39357644
BBT 1.7098206 -2.0661497 0.25760987 -0.3515646
UTX 1.9176025 -0.9545019 -0.17502907 0.98151344
HRL 1.847205 0.45457706 0.2551214 0.451689
PNR -0.11799202 -1.0175111 1.1721568 -0.1068442
WM 2.656551 -0.1649003 -0.32913235 0.7370967
AIZ 1.4609437 -1.1297034 0.324678 0.06936744
VFC 0.5382278 -0.4841869 0.6100226 0.74325824
COL 1.7520523 -0.7249328 0.00888719 0.74836993
PDCO 1.0342823 -0.19468914 0.25284964 1.2224776
RSG 1.9553443 -0.10711182 -0.008631599 0.79597706
GT -0.96771955 -0.23734188 1.7056153 -0.079073235
ARE 1.6944435 1.7789229 0.41483408 0.784626
EXPD 1.2976472 -0.24219957 0.38750285 0.47749168
ADP 1.9352417 -0.9703793 -0.17746723 0.9624327
MU -2.822972 0.40846825 2.907339 -0.1445577
CHK -3.0248451 0.86270875 3.8828285 -1.5400238
SPGI 0.6731247 -0.82804 0.52896935 0.70819837
AEE 3.1317205 1.7993221 0.557052 -1.2748069
ED 3.284982 2.2832992 0.42870492 -0.8858019
AME 1.3289456 -1.5691881 0.07921512 0.7946237
CTL 0.67288095 0.7661801 0.9195002 0.2554031
HRB -0.5159254 0.0040557543 1.2370601 0.69829017
BBY -1.7645901 -0.058477215 1.9742296 0.44106692
BF.B 1.8661543 0.04389317 0.27614903 0.1462152
PNW 3.4259968 2.7089484 0.32503864 -0.5193853
NWL 0.7940866 -0.6218418 0.50265414 0.64606565
DHI -1.1332814 0.71409655 1.764986 0.3907613
MAS -0.12789999 0.18750666 1.1829373 0.34719875
TXT -0.36137223 -1.1119943 1.0616127 0.4620573
PKI 0.6406476 -0.64948034 0.3739139 1.2086387
WEC 3.8084412 2.269723 0.19435823 -0.7522009
PAYX 1.5872414 -0.35673347 -0.004122011 1.1624193
MMC 2.7796454 -1.171064 -0.45256722 0.56329495
TIF -0.16227552 -0.5120914 1.1130905 0.33008388
NVDA -0.91610247 0.044125296 1.5003641 0.48916543
FCX -2.395319 0.7329641 3.1421201 -0.8345775
KIM 2.0399647 1.5604128 0.40614447 0.27369782
PCG 2.780268 2.13897 0.5429025 -0.7244485
GM 0.042636126 -0.8482993 1.0097218 0.14369096
PPL 3.2277236 2.3399262 0.4042984 -0.7387253
MS -0.7703577 -2.1438978 1.4458914 -0.36340353
FE 1.5160483 1.7827165 1.0736448 -0.8066955
PLD 1.7513579 1.4451814 0.44024712 0.46719262
CMS 3.143602 2.2426605 0.58426595 -1.1019983
PHM -1.0687822 0.55474573 1.9803053 -0.33609375
ADM 0.43554965 -0.6800121 0.7354098 0.4741625
FIS 1.371739 -0.7612188 -0.0187888 1.2840154
TXN 0.47665283 -0.89795285 0.609757 0.67147976
NTAP -0.35262161 -0.600606 1.1796486 0.3402097
XYL 0.53425765 -0.54950434 0.65719366 0.61701685
PEG 2.7530794 1.8666781 0.6728102 -1.1158395
LNC -0.24138896 -2.0851586 0.9986362 0.1470596
MDT 1.4526527 -0.30328417 0.27133673 0.5257659
NRG -1.4461861 1.6505755 2.617826 -0.62756187
CL 2.8600597 0.24833287 -0.3024583 0.62131256
HOLX -0.20029113 0.15826915 0.9455097 1.0613345
CA 0.7603525 -0.7377708 0.46243742 0.7541235
TSS 0.7699108 -0.78539675 0.39591998 0.90319693
XL 1.5896597 -0.4211617 0.1447365 0.67948115
CSX 0.1576373 -1.0929519 1.0920081 -0.2779874
NLSN 0.97395647 -0.5351266 0.42897087 0.65814734
DUK 3.3914506 2.6909266 0.4034749 -0.70564544
A 0.2906483 -0.6235247 0.68356633 0.8224092
GPS -0.55393744 0.029987462 1.4630078 0.19333619
SYMC 0.36027315 -0.17016187 0.88244146 0.3844992
WFC 1.3572606 -1.6864794 0.13077606 0.57723546
GE 1.4825319 -1.1030636 0.06286453 0.81424516
MO 2.4316463 0.7797325 -0.16581875 1.0291845
LUV -0.77625763 -0.11596975 1.4781702 0.3543444
ZTS -0.056660846 0.13558319 1.0681947 0.5683098
ATVI -0.39388123 -0.11183652 1.262204 0.4039173
FITB -0.19329296 -1.9791061 1.0491608 -0.017922366
LUK -0.40223256 -1.1273673 1.2222347 0.10105484
REGN -2.692341 0.9771264 2.4605825 1.0023203
PX 1.4632423 -0.6507886 0.31589273 0.2788641
CPB 2.2535496 0.8189373 0.11518188 0.4522052
WY 0.32880637 0.20315638 0.90127957 0.4867403
KO 2.6418464 -0.014177733 -0.16923182 0.3773284
AMAT -0.5806948 -1.1510675 1.3994125 -0.13281715
CNP 2.1889582 0.86916363 0.624671 -0.7652295
BK 0.666736 -2.1065507 0.6435774 -0.118641324
DOV 0.22593246 -1.5756809 1.0150126 -0.32998767
MGM -1.6993709 0.13097084 1.9463763 0.52998555
SYY 2.2961822 0.43297923 -0.17875762 1.0651083
PFE 1.0995576 0.2731392 0.37965325 0.9474672
MDLZ 1.1400162 0.041181535 0.4375863 0.6629952
KMI -0.3577568 0.6137083 1.731752 -0.44603553
JNPR -0.73349154 -0.2587168 1.3415098 0.5405946
SCHW -0.95036465 -1.8625162 1.282304 0.4207801
EXC 1.4567484 2.0346088 1.0004663 -0.34599152
UDR 1.7013108 2.1868622 0.53727835 0.62188685
CBG 0.14886238 0.2877277 1.1182798 0.20623708
SO 3.6848981 1.7497195 0.09951587 -0.70135915
ABT 0.97752047 -0.38275388 0.2336023 1.2816932
CDNS -0.23677553 -0.3865795 0.8985676 1.0368278
CSCO 0.87917024 -0.6855924 0.48458856 0.51302135
XEL 3.7162678 2.3062909 0.28218067 -0.9179505
AES 0.35704896 0.94303876 1.5104216 -0.8095095
LEG 1.2557044 -0.31899342 0.29827222 0.7295067
CAG 2.1610718 0.2723783 0.14005652 0.302073
L 2.0517278 -1.2289073 -0.116423644 0.5367045
DRE 1.7311008 1.4876001 0.46900067 0.47133148
VRTX -2.7433102 0.51766986 2.5805311 0.6432836
USB 1.8595976 -1.6349225 -0.13458724 0.6644104
AIV 1.6462594 2.2277927 0.55659115 0.7107883
GGP 1.4729434 1.9234953 0.62889487 0.5447717
HST 0.09945917 0.46546635 1.0970141 0.40554515
GLW 0.57170516 -1.0122619 0.70130116 0.2884894
ZION -1.0262828 -2.2708259 1.6931826 -0.70625955
ORCL 1.1708187 -0.38510042 0.41195506 0.5323696
HBAN -0.109739125 -2.566032 1.0749254 -0.37443975
ES 3.4128895 2.4799042 0.26882794 -0.5156934
PGR 2.4071226 -0.32062033 -0.11658544 0.42655942
F -0.1547199 -0.84624285 0.8612945 0.8070902
WU 0.19960482 -0.85364306 0.7943126 0.5385276
ARNC -2.0639582 0.10359999 2.551019 -0.43115097
XRX -0.800722 -0.5427189 1.3818154 0.46859804
KEY -0.023255762 -2.4106767 1.1370462 -0.586965
BSX -0.20189115 0.3448377 1.027808 0.93398833
IPG 0.53693604 -0.5887847 0.6135506 0.7353322
PBCT 1.2637557 -1.5623109 0.34369108 0.12305262
RF -0.6746894 -2.252554 1.408375 -0.4436528
BAC -0.22317244 -2.3491876 1.12447 -0.25569743
DHR 1.4530488 -0.88300216 0.13586105 0.7565306
O 1.7742692 2.219279 0.5923872 0.4959925
AMD -3.4311159 0.756413 3.1524014 0.37830397
IQV -0.18646377 0.056790456 1.0068542 0.8679197
COTY -0.97160834 0.84203106 1.8023987 0.15795076
FOXA 0.19623162 -0.38335672 1.1453608 -0.23352343
FOX 0.11929081 -0.5763797 1.152974 -0.20504852
NWSA -0.9460918 -0.2430876 1.6092917 0.13735104
NWS -0.73176974 0.21593817 1.5767179 0.13849741
ALLE 0.7130557 -0.31483397 0.60994494 0.60407335
GOOG 0.557697 -0.759175 0.27313852 1.6093506
NAVI -1.1346012 -0.52419895 1.9533124 -0.52990216
INFO 0.14890812 0.42183608 1.0224094 0.52494764
SYF 0.12719306 -0.7093494 1.1279211 -0.17540821
CFG -0.47477958 -1.7898794 1.3103532 -0.25110853
QRVO -2.2035458 0.21389537 2.3923793 0.20454502
WRK -1.1129953 0.1262923 1.9083693 -0.19212289
KHC 1.5622367 0.07707088 0.21429451 0.7268888
PYPL -0.50357753 -0.25567672 1.3282472 0.29814044
HPE -1.7132512 0.36331946 2.1093345 0.11439466
HPQ -0.4567124 -0.42182624 1.3360158 0.07963359
CSRA -0.2926477 0.33262828 1.3779583 0.19606625
WLTW 0.9954724 -0.20983669 0.49456376 0.5443984
UA -0.7666391 0.022948101 1.7307422 -0.21568944
FTV 0.031757127 -0.43433204 1.0515192 0.2232329
EVHC -0.17364448 0.16723981 1.3497897 0.20468459
HLT 0.1133534 0.02255971 0.80537975 0.49910322
